timestamp,ax,ay,az,gx,gy,gz,qw,qx,qy,qz,label
751954,-9.488281,5.972656,0.667969,1.025391,0.417969,0.460937,0.463318,-0.22229,0.664978,0.541992,up
751959,-9.5625,5.933594,0.78125,0.619141,0.179687,0.330078,0.463318,-0.22229,0.664978,0.541992,up
751965,-9.367188,5.855469,1.164063,0.619141,0.179687,0.330078,0.462463,-0.220337,0.667419,0.540466,up
751971,-9.214844,5.703125,1.164063,0.033203,-0.044922,0.166016,0.462463,-0.220337,0.667419,0.540466,up
751976,-9.023438,5.398437,1.089844,-0.253906,-0.111328,0.089844,0.462463,-0.220337,0.667419,0.540466,up
751981,-8.679688,4.746094,1.125,-0.523437,-0.191406,0.046875,0.462463,-0.220337,0.667419,0.540466,up
751987,-8.445313,4.515625,1.050781,-0.761719,-0.259766,0.023437,0.462463,-0.220337,0.667419,0.540466,up
751992,-8.335938,4.285156,1.011719,-0.947266,-0.291016,-0.001953,0.462463,-0.220337,0.667419,0.540466,up
751997,-7.953125,3.828125,0.933594,-0.947266,-0.291016,-0.001953,0.461975,-0.221436,0.662842,0.546021,up
752002,-7.953125,3.828125,0.933594,-0.947266,-0.291016,-0.001953,0.461853,-0.222839,0.65979,0.549255,up
752007,-7.71875,3.519531,0.859375,-0.947266,-0.291016,-0.001953,0.461853,-0.222839,0.65979,0.549255,up
752012,-7.640625,3.597656,0.859375,-0.53125,-0.152344,0.044922,0.461853,-0.222839,0.65979,0.549255,up
752017,-7.71875,3.828125,0.898437,-0.53125,-0.152344,0.044922,0.461609,-0.223938,0.657471,0.551819,up
752022,-7.835937,4.019531,0.859375,-0.53125,-0.152344,0.044922,0.461487,-0.224182,0.656738,0.552673,up
752027,-7.953125,4.246094,0.78125,-0.033203,-0.001953,0.107422,0.461487,-0.224182,0.656738,0.552673,up
752033,-8.105469,4.476562,0.742187,0.230469,0.0625,0.146484,0.460999,-0.223328,0.657471,0.552612,up
752039,-8.375,5.015625,0.78125,0.230469,0.0625,0.146484,0.460876,-0.222534,0.658447,0.551819,up
752044,-8.484375,5.128906,0.742187,0.839844,0.119141,0.277344,0.460754,-0.221375,0.65979,0.550842,up
752049,-8.566406,5.28125,0.628906,0.949219,0.140625,0.324219,0.460571,-0.220032,0.661377,0.549561,up
752054,-8.5625,5.320312,0.511719,1.007813,0.136719,0.355469,0.460449,-0.218567,0.663086,0.548279,up
752060,-8.375,5.320312,0.4375,1.007813,0.136719,0.355469,0.460266,-0.21698,0.664795,0.546936,up
752066,-8.300781,5.089844,0.4375,0.9375,0.078125,0.400391,0.460266,-0.21698,0.664795,0.546936,up
752071,-8.027344,4.976562,0.4375,0.818359,0.0625,0.386719,0.460266,-0.21698,0.664795,0.546936,up
752076,-7.996094,4.9375,0.4375,0.673828,0.029297,0.369141,0.460266,-0.21698,0.664795,0.546936,up
752081,-7.917969,4.898437,0.398438,0.673828,0.029297,0.369141,0.459473,-0.21106,0.670288,0.543152,up
752086,-7.800781,4.859375,0.285156,0.361328,-0.015625,0.308594,0.459473,-0.21106,0.670288,0.543152,up
752091,-7.71875,4.859375,0.320313,0.248047,-0.046875,0.275391,0.459473,-0.21106,0.670288,0.543152,up
752096,-7.644531,4.898437,0.246094,0.154297,-0.068359,0.267578,0.459473,-0.21106,0.670288,0.543152,up
752101,-7.644531,4.898437,0.207031,0.111328,-0.087891,0.246094,0.459473,-0.21106,0.670288,0.543152,up
752106,-7.683594,5.050781,0.207031,0.105469,-0.105469,0.214844,0.459473,-0.21106,0.670288,0.543152,up
752111,-7.757812,5.207031,0.054687,0.119141,-0.117188,0.195312,0.459473,-0.21106,0.670288,0.543152,up
752116,-7.757812,5.320312,0.015625,0.119141,-0.117188,0.195312,0.458679,-0.205811,0.672729,0.542908,up
752121,-7.796875,5.472656,-0.023437,0.207031,-0.162109,0.144531,0.458679,-0.205811,0.672729,0.542908,up
752126,-7.839844,5.664062,-0.097656,0.253906,-0.177734,0.128906,0.458679,-0.205811,0.672729,0.542908,up
752131,-7.917969,5.855469,-0.289063,0.253906,-0.177734,0.128906,0.458679,-0.205811,0.672729,0.542908,up
752136,-7.953125,5.933594,-0.40625,0.253906,-0.177734,0.128906,0.459595,-0.202881,0.673523,0.542175,up
752141,-7.957031,5.972656,-0.40625,0.226562,-0.201172,0.087891,0.459595,-0.202881,0.673523,0.542175,up
752146,-7.917969,5.972656,-0.484375,0.226562,-0.201172,0.087891,0.460266,-0.201538,0.673767,0.54187,up
752151,-7.875,5.972656,-0.597656,0.226562,-0.201172,0.087891,0.460266,-0.201538,0.673767,0.54187,up
752157,-7.800781,5.816406,-0.636719,0.226562,-0.201172,0.087891,0.460693,-0.2005,0.673706,0.541931,up
752162,-7.71875,5.398437,-0.484375,0.226562,-0.201172,0.087891,0.460815,-0.200012,0.673645,0.542114,up
752167,-7.71875,5.242187,-0.484375,0.226562,-0.201172,0.087891,0.460815,-0.199646,0.673462,0.542419,up
752173,-7.683594,5.050781,-0.367188,-0.097656,-0.119141,0.201172,0.460815,-0.199646,0.673462,0.542419,up
752179,-7.71875,4.898437,-0.367188,-0.097656,-0.119141,0.201172,0.46051,-0.198425,0.673096,0.543579,up
752185,-7.683594,5.015625,-0.367188,-0.097656,-0.119141,0.201172,0.460388,-0.19812,0.673035,0.543884,up
752190,-7.679687,5.128906,-0.40625,0.085937,-0.054687,0.183594,0.460205,-0.197693,0.673157,0.544067,up
752196,-7.679687,5.207031,-0.328125,0.207031,-0.025391,0.15625,0.460205,-0.197693,0.673157,0.544067,up
752202,-7.875,5.589844,-0.445312,0.207031,-0.025391,0.15625,0.460205,-0.197693,0.673157,0.544067,up
752207,-7.917969,5.589844,-0.40625,0.449219,0.009766,0.140625,0.460205,-0.197693,0.673157,0.544067,up
752213,-7.914062,5.664062,-0.289063,0.509766,0.0,0.128906,0.460083,-0.194336,0.676086,0.541687,up
752218,-8.066406,5.78125,-0.328125,0.509766,0.0,0.128906,0.460205,-0.193604,0.676819,0.540955,up
752223,-8.105469,5.703125,-0.289063,0.435547,-0.013672,0.0625,0.460327,-0.192871,0.677551,0.540222,up
752228,-8.105469,5.703125,-0.367188,0.435547,-0.013672,0.0625,0.460449,-0.192383,0.67804,0.539612,up
752233,-7.992187,5.625,-0.289063,0.248047,-0.107422,0.037109,0.460449,-0.192383,0.67804,0.539612,up
752239,-7.835937,5.511719,-0.253906,0.248047,-0.107422,0.037109,0.460937,-0.191406,0.678589,0.53894,up
752244,-7.71875,5.433594,-0.328125,-0.046875,-0.160156,0.052734,0.461121,-0.191101,0.678467,0.539001,up
752249,-7.71875,5.433594,-0.328125,-0.164062,-0.162109,0.066406,0.461243,-0.190918,0.678223,0.539307,up
752255,-7.457031,5.242187,-0.445312,-0.164062,-0.162109,0.066406,0.461304,-0.190796,0.677795,0.539795,up
752261,-7.417969,5.167969,-0.40625,-0.283203,-0.154297,0.095703,0.461304,-0.190796,0.677795,0.539795,up
752266,-7.414062,5.089844,-0.445312,-0.285156,-0.121094,0.121094,0.461304,-0.190796,0.677795,0.539795,up
752271,-7.453125,4.898437,-0.558594,-0.248047,-0.078125,0.128906,0.461304,-0.190796,0.677795,0.539795,up
752277,-7.492187,4.859375,-0.519531,-0.179687,-0.058594,0.148437,0.461304,-0.190796,0.677795,0.539795,up
752283,-7.457031,4.859375,-0.445312,0.009766,0.003906,0.146484,0.461304,-0.190796,0.677795,0.539795,up
752288,-7.492187,4.898437,-0.40625,0.009766,0.003906,0.146484,0.460266,-0.190002,0.67627,0.542908,up
752293,-7.574219,4.9375,-0.445312,0.009766,0.003906,0.146484,0.460083,-0.189636,0.676636,0.542725,up
752298,-7.679687,5.128906,-0.40625,0.009766,0.003906,0.146484,0.460083,-0.189636,0.676636,0.542725,up
752303,-7.839844,5.167969,-0.40625,0.357422,0.083984,0.132812,0.460083,-0.189636,0.676636,0.542725,up
752308,-7.917969,5.167969,-0.328125,0.357422,0.083984,0.132812,0.459534,-0.188171,0.678467,0.541382,up
752313,-8.023438,5.242187,-0.289063,0.357422,0.083984,0.132812,0.459412,-0.187683,0.679138,0.540833,up
752318,-8.179688,5.472656,-0.253906,0.357422,0.083984,0.132812,0.459412,-0.187683,0.679138,0.540833,up
752323,-8.179688,5.511719,-0.136719,0.337891,0.083984,0.074219,0.459229,-0.18689,0.680359,0.539734,up
752328,-8.300781,5.703125,-0.253906,0.337891,0.083984,0.074219,0.459229,-0.18689,0.680359,0.539734,up
752333,-8.257813,5.664062,-0.214844,0.136719,0.041016,0.041016,0.459229,-0.18689,0.680359,0.539734,up
752338,-8.339844,5.703125,-0.175781,0.136719,0.041016,0.041016,0.459045,-0.186401,0.681152,0.539062,up
752344,-8.21875,5.625,-0.097656,0.136719,0.041016,0.041016,0.458923,-0.186218,0.681458,0.538818,up
752350,-8.183594,5.550781,-0.097656,0.136719,0.041016,0.041016,0.458923,-0.186218,0.681458,0.538818,up
752355,-8.066406,5.398437,-0.175781,-0.070312,-0.023437,0.011719,0.458862,-0.186218,0.681396,0.53894,up
752360,-8.027344,5.242187,-0.136719,-0.070312,-0.023437,0.011719,0.458862,-0.186279,0.681274,0.539062,up
752365,-7.914062,5.207031,-0.136719,-0.070312,-0.023437,0.011719,0.458862,-0.186279,0.681274,0.539062,up
752370,-7.835937,5.167969,-0.136719,-0.087891,-0.033203,0.0,0.458862,-0.186279,0.681274,0.539062,up
752375,-7.800781,5.207031,-0.136719,-0.068359,-0.033203,-0.005859,0.458862,-0.186279,0.681274,0.539062,up
752380,-7.800781,5.128906,-0.136719,-0.044922,-0.019531,-0.009766,0.458862,-0.186279,0.681274,0.539062,up
752385,-7.71875,5.089844,-0.0625,-0.044922,-0.019531,-0.009766,0.458862,-0.186279,0.681274,0.539062,up
752390,-7.71875,5.167969,-0.0625,0.037109,-0.019531,0.019531,0.458862,-0.186279,0.681274,0.539062,up
752395,-7.683594,5.128906,-0.136719,0.085937,-0.011719,0.046875,0.458862,-0.186279,0.681274,0.539062,up
752400,-7.71875,4.976562,-0.097656,0.085937,-0.011719,0.046875,0.458862,-0.186279,0.681274,0.539062,up
752406,-7.761719,4.898437,-0.097656,0.152344,0.001953,0.076172,0.458862,-0.186279,0.681274,0.539062,up
752411,-7.761719,4.898437,-0.097656,0.179687,0.005859,0.072266,0.458862,-0.186279,0.681274,0.539062,up
752416,-7.761719,4.898437,-0.0625,0.199219,0.021484,0.070312,0.458862,-0.186279,0.681274,0.539062,up
752421,-7.875,4.976562,-0.097656,0.199219,0.021484,0.070312,0.458862,-0.186279,0.681274,0.539062,up
752427,-7.878906,5.050781,-0.0625,0.199219,0.021484,0.070312,0.458679,-0.184631,0.682617,0.538086,up
752432,-7.914062,5.128906,-0.0625,0.271484,0.035156,-0.005859,0.458679,-0.184631,0.682617,0.538086,up
752438,-7.953125,5.207031,-0.0625,0.285156,0.058594,-0.064453,0.458801,-0.184082,0.683472,0.537109,up
752443,-8.027344,5.398437,-0.0625,0.285156,0.058594,-0.064453,0.458923,-0.18396,0.683899,0.53656,up
752448,-8.023438,5.472656,-0.136719,0.257813,0.050781,-0.099609,0.459045,-0.183838,0.684326,0.535889,up
752454,-8.0625,5.550781,-0.097656,0.257813,0.050781,-0.099609,0.459351,-0.183716,0.685059,0.53479,up
752460,-8.105469,5.589844,-0.097656,0.257813,0.050781,-0.099609,0.459534,-0.183777,0.685303,0.534241,up
752465,-8.066406,5.589844,-0.097656,0.144531,0.029297,-0.119141,0.459656,-0.183838,0.685547,0.533813,up
752470,-8.140625,5.589844,-0.136719,0.144531,0.029297,-0.119141,0.459839,-0.183899,0.685669,0.533447,up
752476,-8.183594,5.625,-0.136719,0.144531,0.029297,-0.119141,0.459961,-0.184021,0.685791,0.533203,up
752482,-8.179688,5.703125,-0.175781,-0.005859,0.015625,-0.091797,0.459961,-0.184021,0.685791,0.533203,up
752488,-8.179688,5.664062,-0.175781,-0.037109,-0.005859,-0.058594,0.459961,-0.184021,0.685791,0.533203,up
752493,-8.140625,5.78125,-0.175781,-0.037109,-0.005859,-0.058594,0.460144,-0.18457,0.685791,0.532776,up
752499,-8.101563,5.816406,-0.175781,-0.009766,0.011719,-0.009766,0.460144,-0.18457,0.685791,0.532776,up
752504,-8.066406,5.816406,-0.214844,-0.009766,0.011719,-0.009766,0.460022,-0.184814,0.685852,0.532715,up
752510,-8.066406,5.816406,-0.214844,0.072266,0.041016,0.048828,0.459961,-0.184753,0.686035,0.532593,up
752515,-8.023438,5.664062,-0.328125,0.072266,0.041016,0.048828,0.459778,-0.184631,0.686279,0.532471,up
752520,-8.066406,5.664062,-0.289063,0.169922,0.052734,0.089844,0.459778,-0.184631,0.686279,0.532471,up
752525,-8.066406,5.625,-0.289063,0.214844,0.066406,0.089844,0.459778,-0.184631,0.686279,0.532471,up
752531,-8.023438,5.625,-0.289063,0.214844,0.066406,0.089844,0.45929,-0.183777,0.6875,0.531616,up
752536,-8.066406,5.625,-0.289063,0.263672,0.101563,0.09375,0.45929,-0.183777,0.6875,0.531616,up
752541,-8.066406,5.664062,-0.328125,0.277344,0.109375,0.089844,0.45929,-0.183777,0.6875,0.531616,up
752546,-8.105469,5.742187,-0.289063,0.277344,0.109375,0.089844,0.458679,-0.182861,0.689209,0.530273,up
752553,-8.101563,5.742187,-0.253906,0.271484,0.117188,0.0625,0.458679,-0.182861,0.689209,0.530273,up
752559,-8.066406,5.855469,-0.214844,0.269531,0.115234,0.048828,0.458069,-0.182129,0.690918,0.528809,up
752565,-8.101563,6.085937,-0.253906,0.269531,0.115234,0.048828,0.457947,-0.181946,0.691345,0.528381,up
752570,-8.0625,6.085937,-0.214844,0.169922,0.070312,0.013672,0.457825,-0.181824,0.691772,0.528015,up
752575,-8.023438,6.085937,-0.175781,0.097656,0.052734,-0.007813,0.457825,-0.181824,0.691772,0.528015,up
752581,-7.917969,5.933594,-0.214844,0.097656,0.052734,-0.007813,0.457642,-0.181763,0.692261,0.527588,up
752587,-7.878906,5.894531,-0.214844,-0.039063,0.029297,-0.033203,0.457642,-0.181763,0.692261,0.527588,up
752592,-7.835937,5.855469,-0.214844,-0.109375,0.005859,-0.037109,0.457642,-0.181763,0.692261,0.527588,up
752598,-7.839844,5.742187,-0.214844,-0.171875,-0.005859,-0.048828,0.457642,-0.181763,0.692261,0.527588,up
752604,-7.761719,5.664062,-0.136719,-0.222656,-0.019531,-0.054687,0.457397,-0.182922,0.691467,0.52832,up
752609,-7.761719,5.625,-0.136719,-0.302734,-0.013672,-0.058594,0.457397,-0.182922,0.691467,0.52832,up
752614,-7.757812,5.625,-0.175781,-0.302734,-0.013672,-0.058594,0.457336,-0.18335,0.691101,0.528748,up
752620,-7.722656,5.550781,-0.097656,-0.302734,-0.013672,-0.058594,0.457214,-0.184265,0.690247,0.529724,up
752625,-7.722656,5.550781,-0.097656,-0.318359,0.0,-0.035156,0.457092,-0.184692,0.689819,0.530212,up
752630,-7.722656,5.511719,-0.175781,-0.296875,0.011719,-0.023437,0.456909,-0.185059,0.689453,0.53064,up
752635,-7.683594,5.511719,-0.136719,-0.296875,0.011719,-0.023437,0.456726,-0.185486,0.689148,0.531128,up
752640,-7.683594,5.472656,-0.136719,-0.296875,0.011719,-0.023437,0.456726,-0.185486,0.689148,0.531128,up
752646,-7.683594,5.511719,-0.136719,-0.154297,0.048828,0.029297,0.456726,-0.185486,0.689148,0.531128,up
752651,-7.683594,5.472656,-0.097656,-0.107422,0.068359,0.046875,0.456116,-0.186157,0.688721,0.531982,up
752656,-7.683594,5.511719,-0.097656,-0.107422,0.068359,0.046875,0.455811,-0.186279,0.688782,0.532104,up
752662,-7.683594,5.511719,-0.097656,-0.019531,0.109375,0.097656,0.455811,-0.186279,0.688782,0.532104,up
752668,-7.71875,5.511719,-0.136719,0.007813,0.125,0.113281,0.455811,-0.186279,0.688782,0.532104,up
752673,-7.71875,5.472656,-0.136719,0.052734,0.152344,0.128906,0.455811,-0.186279,0.688782,0.532104,up
752678,-7.683594,5.511719,-0.097656,0.052734,0.152344,0.128906,0.454285,-0.186157,0.689697,0.532288,up
752684,-7.683594,5.511719,-0.0625,0.074219,0.179687,0.123047,0.454285,-0.186157,0.689697,0.532288,up
752689,-7.683594,5.472656,-0.0625,0.074219,0.179687,0.123047,0.452881,-0.185974,0.690857,0.532043,up
752694,-7.722656,5.550781,-0.0625,0.074219,0.179687,0.123047,0.452454,-0.185913,0.691223,0.53186,up
752699,-7.757812,5.589844,-0.0625,0.074219,0.179687,0.123047,0.452454,-0.185913,0.691223,0.53186,up
752704,-7.796875,5.625,-0.0625,0.082031,0.199219,0.09375,0.451477,-0.185913,0.692078,0.531616,up
752709,-7.761719,5.703125,-0.097656,0.082031,0.199219,0.09375,0.451477,-0.185913,0.692078,0.531616,up
752714,-7.796875,5.742187,-0.0625,0.054687,0.195312,0.072266,0.451477,-0.185913,0.692078,0.531616,up
752719,-7.757812,5.703125,-0.023437,0.054687,0.195312,0.072266,0.450562,-0.186035,0.692871,0.531372,up
752725,-7.839844,5.703125,-0.0625,0.054687,0.195312,0.072266,0.449707,-0.186218,0.693481,0.531189,up
752730,-7.839844,5.703125,-0.097656,0.054687,0.195312,0.072266,0.449341,-0.18634,0.693726,0.531128,up
752735,-7.878906,5.742187,-0.0625,-0.001953,0.177734,0.050781,0.448914,-0.186523,0.694031,0.531067,up
752740,-7.917969,5.78125,-0.097656,-0.03125,0.160156,0.048828,0.448486,-0.186707,0.694214,0.531067,up
752746,-7.957031,5.855469,-0.023437,-0.03125,0.160156,0.048828,0.448181,-0.186829,0.694397,0.531067,up
752751,-7.957031,5.855469,-0.023437,-0.054687,0.117188,0.033203,0.447876,-0.187012,0.694519,0.531128,up
752757,-7.914062,5.816406,-0.136719,-0.054687,0.117188,0.033203,0.447876,-0.187012,0.694519,0.531128,up
752763,-7.917969,5.78125,-0.097656,-0.076172,0.085937,0.007813,0.447876,-0.187012,0.694519,0.531128,up
752768,-7.917969,5.78125,-0.097656,-0.076172,0.085937,0.007813,0.447083,-0.187561,0.694641,0.531372,up
752774,-7.917969,5.78125,-0.136719,-0.072266,0.078125,0.0,0.446716,-0.187927,0.694702,0.531555,up
752779,-7.914062,5.742187,-0.175781,-0.074219,0.066406,-0.019531,0.446716,-0.187927,0.694702,0.531555,up
752784,-7.878906,5.703125,-0.136719,-0.074219,0.066406,-0.019531,0.446594,-0.18811,0.694702,0.531616,up
752789,-7.839844,5.664062,-0.136719,-0.074219,0.066406,-0.019531,0.446472,-0.188354,0.694641,0.531677,up
752794,-7.839844,5.664062,-0.097656,-0.066406,0.056641,-0.029297,0.446228,-0.188721,0.694641,0.531738,up
752799,-7.839844,5.703125,-0.136719,-0.066406,0.056641,-0.029297,0.446167,-0.188904,0.694641,0.531738,up
752804,-7.800781,5.664062,-0.175781,-0.066406,0.056641,-0.029297,0.446167,-0.188904,0.694641,0.531738,up
752809,-7.796875,5.703125,-0.214844,-0.027344,0.054687,-0.03125,0.446167,-0.188904,0.694641,0.531738,up
752814,-7.757812,5.664062,-0.175781,-0.025391,0.066406,-0.035156,0.446167,-0.188904,0.694641,0.531738,up
752819,-7.800781,5.664062,-0.175781,-0.025391,0.066406,-0.035156,0.445862,-0.189392,0.694763,0.531616,up
752824,-7.761719,5.625,-0.214844,0.015625,0.070312,-0.013672,0.44574,-0.189514,0.694885,0.531555,up
752829,-7.71875,5.589844,-0.253906,0.015625,0.070312,-0.013672,0.445618,-0.189636,0.695007,0.531494,up
752835,-7.722656,5.550781,-0.214844,0.015625,0.070312,-0.013672,0.445374,-0.189819,0.695251,0.531311,up
752840,-7.679687,5.550781,-0.253906,0.039063,0.083984,-0.007813,0.44519,-0.18988,0.695435,0.531128,up
752845,-7.679687,5.550781,-0.253906,0.044922,0.085937,-0.007813,0.445068,-0.189941,0.695618,0.531006,up
752851,-7.71875,5.550781,-0.328125,0.044922,0.085937,-0.007813,0.444946,-0.190002,0.695801,0.530884,up
752856,-7.71875,5.625,-0.289063,0.070312,0.066406,-0.005859,0.444824,-0.190002,0.695984,0.530701,up
752861,-7.761719,5.664062,-0.253906,0.070312,0.066406,-0.005859,0.444702,-0.190063,0.696167,0.530518,up
752867,-7.757812,5.703125,-0.328125,0.070312,0.066406,-0.005859,0.444641,-0.190063,0.69635,0.530334,up
752872,-7.757812,5.742187,-0.328125,0.070312,0.066406,-0.005859,0.44458,-0.190125,0.696533,0.530151,up
752877,-7.757812,5.703125,-0.328125,0.029297,0.054687,-0.035156,0.44458,-0.190125,0.696533,0.530151,up
752882,-7.800781,5.703125,-0.367188,0.013672,0.044922,-0.03125,0.44458,-0.190125,0.696533,0.530151,up
752887,-7.835937,5.664062,-0.367188,0.001953,0.039063,-0.035156,0.44458,-0.190125,0.696533,0.530151,up
752892,-7.835937,5.664062,-0.328125,0.001953,0.039063,-0.035156,0.44458,-0.190125,0.696533,0.530151,up
752897,-7.835937,5.703125,-0.40625,-0.033203,0.035156,-0.054687,0.44458,-0.190125,0.696533,0.530151,up
752902,-7.875,5.664062,-0.40625,-0.046875,0.035156,-0.052734,0.44458,-0.190125,0.696533,0.530151,up
752908,-7.796875,5.664062,-0.445312,-0.046875,0.035156,-0.052734,0.444214,-0.19104,0.696838,0.529724,up
752914,-7.800781,5.664062,-0.40625,-0.046875,0.035156,-0.052734,0.444214,-0.19104,0.696838,0.529724,up
752919,-7.835937,5.703125,-0.40625,-0.037109,0.037109,-0.044922,0.444214,-0.19104,0.696838,0.529724,up
752924,-7.800781,5.742187,-0.484375,-0.037109,0.037109,-0.044922,0.444031,-0.191589,0.696777,0.529785,up
752929,-7.800781,5.78125,-0.484375,-0.037109,0.037109,-0.044922,0.44397,-0.191711,0.696777,0.529785,up
752935,-7.761719,5.78125,-0.445312,0.001953,0.058594,-0.025391,0.44397,-0.191711,0.696777,0.529785,up
752940,-7.761719,5.703125,-0.445312,0.001953,0.058594,-0.025391,0.443726,-0.192078,0.69696,0.529602,up
752945,-7.796875,5.703125,-0.445312,0.001953,0.058594,-0.025391,0.443604,-0.1922,0.697021,0.529541,up
752950,-7.800781,5.703125,-0.484375,0.011719,0.101563,-0.005859,0.44342,-0.192322,0.697205,0.529419,up
752956,-7.839844,5.625,-0.445312,0.011719,0.101563,-0.005859,0.443237,-0.192444,0.697327,0.529358,up
752961,-7.800781,5.589844,-0.445312,0.011719,0.101563,-0.005859,0.442993,-0.192566,0.697449,0.529297,up
752966,-7.835937,5.550781,-0.40625,0.011719,0.101563,-0.005859,0.44281,-0.192749,0.697632,0.529297,up
752971,-7.835937,5.550781,-0.40625,-0.025391,0.117188,-0.011719,0.442566,-0.192932,0.697754,0.529236,up
752976,-7.914062,5.589844,-0.445312,-0.025391,0.117188,-0.011719,0.442322,-0.193176,0.697815,0.529175,up
752982,-7.917969,5.589844,-0.367188,-0.025391,0.117188,-0.011719,0.442139,-0.193359,0.697937,0.529175,up
752987,-7.878906,5.589844,-0.367188,-0.033203,0.107422,-0.037109,0.442139,-0.193359,0.697937,0.529175,up
752992,-7.914062,5.625,-0.40625,-0.023437,0.095703,-0.035156,0.441772,-0.193848,0.69812,0.529114,up
752998,-7.953125,5.703125,-0.40625,-0.023437,0.095703,-0.035156,0.441589,-0.194092,0.698181,0.528992,up
753003,-7.992187,5.742187,-0.40625,-0.001953,0.074219,-0.046875,0.441589,-0.194092,0.698181,0.528992,up
753008,-7.996094,5.816406,-0.40625,0.011719,0.0625,-0.056641,0.441589,-0.194092,0.698181,0.528992,up
753013,-8.027344,5.855469,-0.40625,0.029297,0.046875,-0.058594,0.441589,-0.194092,0.698181,0.528992,up
753019,-7.992187,5.894531,-0.484375,0.029297,0.046875,-0.058594,0.441406,-0.194824,0.698547,0.528442,up
753024,-7.996094,5.855469,-0.484375,0.029297,0.046875,-0.058594,0.441406,-0.194824,0.698547,0.528442,up
753029,-7.996094,5.855469,-0.367188,-0.046875,0.001953,-0.091797,0.441406,-0.194824,0.698547,0.528442,up
753034,-7.953125,5.703125,-0.40625,-0.046875,0.001953,-0.091797,0.441467,-0.19519,0.698486,0.52832,up
753039,-7.996094,5.703125,-0.445312,-0.046875,0.001953,-0.091797,0.441589,-0.195435,0.698364,0.52832,up
753045,-7.996094,5.664062,-0.445312,-0.105469,-0.017578,-0.105469,0.441772,-0.195984,0.697937,0.528503,up
753050,-7.953125,5.664062,-0.40625,-0.166016,-0.048828,-0.119141,0.441772,-0.195984,0.697937,0.528503,up
753055,-7.996094,5.625,-0.445312,-0.166016,-0.048828,-0.119141,0.442078,-0.196594,0.697327,0.528809,up
753060,-7.953125,5.589844,-0.445312,-0.212891,-0.058594,-0.125,0.442078,-0.196594,0.697327,0.528809,up
753065,-7.914062,5.550781,-0.40625,-0.212891,-0.080078,-0.123047,0.4422,-0.197021,0.696899,0.529053,up
753070,-7.917969,5.472656,-0.367188,-0.212891,-0.080078,-0.123047,0.442566,-0.197693,0.696106,0.529602,up
753075,-7.917969,5.511719,-0.40625,-0.212891,-0.080078,-0.123047,0.442749,-0.197937,0.69574,0.529785,up
753080,-7.917969,5.472656,-0.40625,-0.212891,-0.080078,-0.123047,0.442749,-0.197937,0.69574,0.529785,up
753085,-7.914062,5.433594,-0.40625,-0.166016,-0.087891,-0.115234,0.443176,-0.198486,0.695068,0.530212,up
753090,-7.878906,5.433594,-0.445312,-0.166016,-0.087891,-0.115234,0.443359,-0.19873,0.694763,0.530334,up
753095,-7.914062,5.433594,-0.484375,-0.068359,-0.078125,-0.099609,0.443359,-0.19873,0.694763,0.530334,up
753100,-7.878906,5.433594,-0.445312,-0.039063,-0.058594,-0.095703,0.443542,-0.198914,0.694519,0.530396,up
753106,-7.875,5.433594,-0.40625,-0.039063,-0.058594,-0.095703,0.443909,-0.199097,0.694214,0.530396,up
753112,-7.914062,5.511719,-0.445312,-0.039063,-0.058594,-0.095703,0.444092,-0.199158,0.694153,0.530334,up
753119,-7.914062,5.472656,-0.445312,0.029297,-0.041016,-0.072266,0.444092,-0.199158,0.694153,0.530334,up
753124,-7.878906,5.511719,-0.40625,0.039063,-0.027344,-0.060547,0.444092,-0.199158,0.694153,0.530334,up
753129,-7.878906,5.472656,-0.40625,0.039063,-0.027344,-0.060547,0.444519,-0.199219,0.694153,0.529968,up
753135,-7.917969,5.472656,-0.40625,0.058594,-0.007813,-0.048828,0.444519,-0.199219,0.694153,0.529968,up
753140,-7.957031,5.433594,-0.445312,0.058594,-0.007813,-0.048828,0.444763,-0.19928,0.694214,0.529663,up
753146,-8.023438,5.472656,-0.445312,0.058594,-0.007813,-0.048828,0.444885,-0.199219,0.694397,0.529358,up
753151,-8.023438,5.472656,-0.445312,0.058594,0.011719,-0.044922,0.444946,-0.199219,0.694458,0.529236,up
753156,-8.023438,5.550781,-0.40625,0.058594,0.011719,-0.044922,0.445007,-0.199219,0.694519,0.529053,up
753162,-8.066406,5.625,-0.367188,0.058594,0.011719,-0.044922,0.445068,-0.199219,0.694641,0.52887,up
753167,-8.066406,5.664062,-0.367188,0.056641,-0.003906,-0.054687,0.445068,-0.199219,0.694641,0.52887,up
753172,-8.066406,5.664062,-0.367188,0.050781,-0.013672,-0.070312,0.445251,-0.19928,0.694763,0.528564,up
753177,-8.105469,5.664062,-0.40625,0.050781,-0.013672,-0.070312,0.445374,-0.199341,0.694763,0.528381,up
753182,-8.066406,5.625,-0.328125,0.050781,-0.013672,-0.070312,0.445374,-0.199341,0.694763,0.528381,up
753188,-8.105469,5.664062,-0.40625,0.003906,-0.046875,-0.091797,0.445374,-0.199341,0.694763,0.528381,up
753193,-8.023438,5.625,-0.40625,-0.03125,-0.054687,-0.099609,0.445374,-0.199341,0.694763,0.528381,up
753198,-8.0625,5.511719,-0.289063,-0.03125,-0.054687,-0.099609,0.445374,-0.199341,0.694763,0.528381,up
753204,-8.023438,5.472656,-0.253906,-0.03125,-0.054687,-0.099609,0.44635,-0.19989,0.694153,0.528198,up
753210,-8.027344,5.511719,-0.289063,-0.154297,-0.101563,-0.128906,0.44635,-0.19989,0.694153,0.528198,up
753215,-8.023438,5.433594,-0.367188,-0.154297,-0.101563,-0.128906,0.446838,-0.200256,0.693542,0.528442,up
753220,-7.992187,5.398437,-0.367188,-0.189453,-0.113281,-0.113281,0.447083,-0.200562,0.693176,0.528625,up
753225,-7.996094,5.320312,-0.328125,-0.189453,-0.113281,-0.113281,0.447327,-0.200806,0.692688,0.528931,up
753230,-7.996094,5.320312,-0.289063,-0.171875,-0.128906,-0.113281,0.447571,-0.20105,0.692261,0.529175,up
753235,-7.996094,5.320312,-0.289063,-0.144531,-0.125,-0.107422,0.447815,-0.201294,0.691833,0.529419,up
753240,-7.992187,5.359375,-0.289063,-0.144531,-0.125,-0.107422,0.448059,-0.201477,0.691467,0.529602,up
753245,-7.992187,5.359375,-0.289063,-0.087891,-0.121094,-0.097656,0.448364,-0.20166,0.691101,0.529785,up
753250,-7.957031,5.359375,-0.253906,-0.087891,-0.121094,-0.097656,0.448669,-0.201782,0.690796,0.529907,up
753255,-7.992187,5.359375,-0.289063,-0.087891,-0.121094,-0.097656,0.449219,-0.201904,0.690369,0.529968,up
753260,-7.992187,5.359375,-0.289063,-0.087891,-0.121094,-0.097656,0.449219,-0.201904,0.690369,0.529968,up
753265,-8.027344,5.359375,-0.253906,-0.001953,-0.105469,-0.083984,0.449768,-0.201904,0.690002,0.529907,up
753270,-7.953125,5.398437,-0.289063,-0.001953,-0.105469,-0.083984,0.449768,-0.201904,0.690002,0.529907,up
753276,-7.992187,5.359375,-0.328125,0.033203,-0.087891,-0.078125,0.449768,-0.201904,0.690002,0.529907,up
753281,-7.996094,5.359375,-0.214844,0.033203,-0.087891,-0.078125,0.450562,-0.201782,0.689758,0.529663,up
753287,-7.917969,5.359375,-0.253906,0.033203,-0.087891,-0.078125,0.450745,-0.201721,0.689636,0.529602,up
753292,-7.957031,5.320312,-0.289063,0.033203,-0.087891,-0.078125,0.450928,-0.201721,0.689575,0.529541,up
753297,-7.996094,5.320312,-0.289063,-0.005859,-0.070312,-0.068359,0.450928,-0.201721,0.689575,0.529541,up
753303,-7.992187,5.320312,-0.253906,-0.021484,-0.070312,-0.070312,0.450928,-0.201721,0.689575,0.529541,up
753308,-7.957031,5.359375,-0.214844,-0.021484,-0.070312,-0.070312,0.450928,-0.201721,0.689575,0.529541,up
753314,-7.917969,5.398437,-0.253906,-0.044922,-0.070312,-0.072266,0.450928,-0.201721,0.689575,0.529541,up
753320,-7.914062,5.320312,-0.253906,-0.039063,-0.072266,-0.076172,0.452087,-0.202026,0.688721,0.529541,up
753325,-7.917969,5.320312,-0.289063,-0.039063,-0.072266,-0.076172,0.452087,-0.202026,0.688721,0.529541,up
753330,-7.914062,5.320312,-0.253906,-0.039063,-0.072266,-0.076172,0.452271,-0.202148,0.688599,0.529602,up
753335,-7.878906,5.359375,-0.253906,-0.042969,-0.050781,-0.087891,0.452271,-0.202148,0.688599,0.529602,up
753340,-7.914062,5.28125,-0.289063,-0.042969,-0.050781,-0.087891,0.452637,-0.202393,0.688232,0.529602,up
753345,-7.917969,5.359375,-0.253906,-0.042969,-0.050781,-0.087891,0.45282,-0.202515,0.68811,0.529602,up
753350,-7.953125,5.320312,-0.253906,-0.042969,-0.050781,-0.087891,0.452942,-0.202698,0.687988,0.529602,up
753356,-7.957031,5.359375,-0.253906,-0.035156,-0.03125,-0.099609,0.453247,-0.203003,0.687683,0.529541,up
753361,-7.953125,5.433594,-0.289063,-0.035156,-0.03125,-0.099609,0.453369,-0.203186,0.687622,0.52948,up
753366,-7.996094,5.433594,-0.214844,-0.035156,-0.03125,-0.099609,0.453491,-0.20343,0.6875,0.52948,up
753371,-7.996094,5.359375,-0.253906,-0.042969,-0.003906,-0.107422,0.453613,-0.203613,0.687378,0.529419,up
753376,-7.996094,5.398437,-0.214844,-0.042969,-0.003906,-0.107422,0.453735,-0.203857,0.687256,0.529358,up
753381,-8.0625,5.398437,-0.253906,-0.042969,-0.003906,-0.107422,0.453796,-0.204102,0.687134,0.529358,up
753386,-8.101563,5.398437,-0.214844,-0.048828,0.013672,-0.109375,0.453796,-0.204102,0.687134,0.529358,up
753391,-8.0625,5.398437,-0.214844,-0.048828,0.013672,-0.109375,0.453979,-0.20459,0.686951,0.529297,up
753396,-8.101563,5.433594,-0.253906,-0.048828,0.013672,-0.109375,0.454041,-0.204834,0.686829,0.529236,up
753401,-8.101563,5.433594,-0.214844,-0.048828,0.013672,-0.109375,0.454163,-0.205139,0.686707,0.529236,up
753406,-8.144531,5.433594,-0.214844,-0.060547,0.009766,-0.101563,0.454224,-0.205383,0.686646,0.529236,up
753411,-8.144531,5.398437,-0.253906,-0.060547,0.009766,-0.101563,0.454285,-0.205566,0.686523,0.529175,up
753416,-8.101563,5.433594,-0.214844,-0.060547,0.009766,-0.101563,0.454346,-0.20575,0.686401,0.529175,up
753421,-8.105469,5.472656,-0.214844,-0.03125,0.005859,-0.09375,0.454346,-0.20575,0.686401,0.529175,up
753426,-8.0625,5.433594,-0.214844,-0.023437,0.001953,-0.083984,0.454468,-0.205994,0.68634,0.529114,up
753431,-8.0625,5.433594,-0.214844,-0.023437,0.001953,-0.083984,0.45459,-0.206299,0.686218,0.529053,up
753436,-8.066406,5.433594,-0.289063,-0.023437,0.001953,-0.083984,0.454712,-0.206421,0.686157,0.528992,up
753441,-8.066406,5.472656,-0.253906,-0.007813,0.005859,-0.064453,0.454773,-0.206543,0.686157,0.528931,up
753447,-8.0625,5.433594,-0.253906,-0.007813,0.005859,-0.064453,0.454834,-0.206665,0.686096,0.52887,up
753452,-8.066406,5.433594,-0.289063,-0.007813,0.005859,-0.064453,0.454895,-0.206726,0.686035,0.528809,up
753457,-8.023438,5.433594,-0.289063,-0.007813,0.005859,-0.064453,0.454956,-0.206909,0.685974,0.528748,up
753462,-7.992187,5.398437,-0.328125,-0.017578,0.001953,-0.064453,0.454956,-0.206909,0.685974,0.528748,up
753467,-7.992187,5.398437,-0.289063,-0.035156,0.009766,-0.064453,0.454956,-0.206909,0.685974,0.528748,up
753472,-8.027344,5.359375,-0.253906,-0.035156,0.009766,-0.064453,0.455139,-0.207275,0.685852,0.528687,up
753478,-7.953125,5.28125,-0.289063,-0.035156,0.009766,-0.064453,0.4552,-0.207397,0.68573,0.528687,up
753484,-7.996094,5.28125,-0.253906,-0.046875,0.015625,-0.056641,0.4552,-0.207397,0.68573,0.528687,up
753490,-7.957031,5.320312,-0.289063,-0.046875,0.015625,-0.056641,0.4552,-0.207397,0.68573,0.528687,up
753495,-7.992187,5.28125,-0.328125,-0.046875,0.017578,-0.064453,0.4552,-0.207397,0.68573,0.528687,up
753501,-7.957031,5.28125,-0.214844,-0.046875,0.017578,-0.068359,0.455261,-0.208313,0.685425,0.528748,up
753506,-7.957031,5.28125,-0.253906,-0.046875,0.017578,-0.068359,0.455261,-0.208496,0.685364,0.528687,up
753511,-7.957031,5.242187,-0.214844,-0.046875,0.017578,-0.068359,0.455322,-0.208679,0.685303,0.528687,up
753516,-7.953125,5.207031,-0.253906,-0.029297,0.03125,-0.066406,0.455322,-0.208679,0.685303,0.528687,up
753521,-7.917969,5.242187,-0.253906,-0.029297,0.03125,-0.066406,0.455322,-0.208862,0.685242,0.528687,up
753527,-7.917969,5.242187,-0.253906,-0.029297,0.03125,-0.066406,0.455322,-0.209229,0.685181,0.528625,up
753532,-7.917969,5.242187,-0.253906,-0.033203,0.029297,-0.080078,0.455322,-0.209412,0.68512,0.528564,up
753537,-7.914062,5.242187,-0.289063,-0.033203,0.029297,-0.080078,0.455322,-0.209656,0.68512,0.528503,up
753543,-7.914062,5.207031,-0.253906,-0.033203,0.029297,-0.080078,0.455383,-0.209839,0.685059,0.528503,up
753548,-7.917969,5.207031,-0.289063,-0.056641,0.042969,-0.082031,0.455383,-0.209839,0.685059,0.528503,up
753554,-7.996094,5.207031,-0.328125,-0.068359,0.044922,-0.089844,0.455383,-0.209839,0.685059,0.528503,up
753559,-7.953125,5.242187,-0.328125,-0.068359,0.044922,-0.089844,0.455322,-0.210632,0.684814,0.528442,up
753564,-7.996094,5.207031,-0.289063,-0.068359,0.044922,-0.089844,0.455322,-0.210632,0.684814,0.528442,up
753569,-7.996094,5.207031,-0.289063,-0.068359,0.044922,-0.089844,0.455322,-0.211243,0.684692,0.528442,up
753574,-7.996094,5.207031,-0.328125,-0.056641,0.064453,-0.09375,0.455322,-0.211243,0.684692,0.528442,up
753579,-8.023438,5.242187,-0.328125,-0.056641,0.064453,-0.09375,0.455322,-0.211243,0.684692,0.528442,up
753585,-8.066406,5.242187,-0.289063,-0.056641,0.064453,-0.09375,0.455261,-0.212097,0.68457,0.52832,up
753591,-8.066406,5.242187,-0.289063,-0.017578,0.082031,-0.072266,0.455261,-0.212097,0.68457,0.52832,up
753596,-8.140625,5.28125,-0.367188,-0.017578,0.082031,-0.072266,0.455139,-0.212585,0.684631,0.528137,up
753601,-8.140625,5.28125,-0.328125,0.003906,0.085937,-0.076172,0.455078,-0.212891,0.684692,0.528015,up
753606,-8.140625,5.28125,-0.289063,0.003906,0.085937,-0.076172,0.455017,-0.213135,0.684753,0.527893,up
753611,-8.179688,5.28125,-0.328125,0.015625,0.080078,-0.068359,0.454956,-0.213318,0.684814,0.527771,up
753617,-8.183594,5.320312,-0.328125,0.015625,0.080078,-0.068359,0.454834,-0.213684,0.684937,0.527527,up
753622,-8.183594,5.320312,-0.328125,0.021484,0.076172,-0.058594,0.454773,-0.213867,0.685059,0.527344,up
753628,-8.179688,5.359375,-0.289063,0.021484,0.076172,-0.058594,0.454712,-0.213989,0.68512,0.527283,up
753633,-8.183594,5.320312,-0.289063,0.011719,0.074219,-0.044922,0.454712,-0.213989,0.68512,0.527283,up
753638,-8.183594,5.320312,-0.289063,0.011719,0.074219,-0.044922,0.45459,-0.214355,0.685303,0.527039,up
753644,-8.21875,5.320312,-0.328125,0.001953,0.070312,-0.042969,0.45459,-0.214355,0.685303,0.527039,up
753649,-8.222656,5.28125,-0.289063,-0.001953,0.070312,-0.037109,0.45459,-0.214355,0.685303,0.527039,up
753654,-8.261719,5.28125,-0.328125,-0.001953,0.070312,-0.037109,0.454407,-0.214783,0.685486,0.526794,up
753659,-8.257813,5.320312,-0.289063,-0.007813,0.060547,-0.037109,0.454407,-0.214783,0.685486,0.526794,up
753664,-8.21875,5.320312,-0.328125,0.001953,0.066406,-0.037109,0.454407,-0.214783,0.685486,0.526794,up
753669,-8.257813,5.320312,-0.289063,0.001953,0.066406,-0.037109,0.454163,-0.21521,0.685608,0.526611,up
753674,-8.257813,5.320312,-0.289063,0.007813,0.058594,-0.035156,0.454163,-0.21521,0.685608,0.526611,up
753679,-8.257813,5.320312,-0.328125,0.023437,0.060547,-0.029297,0.454163,-0.21521,0.685608,0.526611,up
753685,-8.222656,5.320312,-0.253906,0.023437,0.060547,-0.029297,0.453979,-0.215515,0.685852,0.526367,up
753690,-8.222656,5.28125,-0.289063,0.023437,0.060547,-0.029297,0.453918,-0.215576,0.685974,0.526245,up
753695,-8.179688,5.28125,-0.289063,0.023437,0.060547,-0.029297,0.453857,-0.215637,0.686035,0.526184,up
753700,-8.261719,5.242187,-0.328125,0.037109,0.056641,-0.007813,0.453857,-0.215637,0.686035,0.526184,up
753705,-8.179688,5.28125,-0.289063,0.037109,0.056641,-0.007813,0.453735,-0.215698,0.686279,0.52594,up
753711,-8.21875,5.28125,-0.253906,0.048828,0.060547,-0.005859,0.453735,-0.215698,0.686279,0.52594,up
753716,-8.21875,5.242187,-0.253906,0.046875,0.064453,-0.003906,0.453735,-0.215698,0.686279,0.52594,up
753721,-8.183594,5.207031,-0.289063,0.046875,0.064453,-0.003906,0.453491,-0.215759,0.686707,0.525635,up
753726,-8.183594,5.207031,-0.289063,0.046875,0.064453,-0.003906,0.453308,-0.21582,0.686951,0.525391,up
753731,-8.144531,5.242187,-0.253906,0.046875,0.064453,-0.003906,0.453308,-0.21582,0.686951,0.525391,up
753736,-8.144531,5.242187,-0.253906,0.046875,0.052734,-0.001953,0.453186,-0.21582,0.687195,0.525208,up
753741,-8.179688,5.242187,-0.289063,0.046875,0.052734,-0.001953,0.453186,-0.21582,0.687195,0.525208,up
753746,-8.140625,5.242187,-0.289063,0.029297,0.042969,-0.007813,0.453064,-0.215881,0.687317,0.525146,up
753751,-8.183594,5.28125,-0.253906,0.029297,0.042969,-0.007813,0.453003,-0.215881,0.687378,0.525024,up
753756,-8.144531,5.242187,-0.253906,0.029297,0.042969,-0.007813,0.452942,-0.215942,0.6875,0.524963,up
753761,-8.140625,5.207031,-0.214844,0.029297,0.042969,-0.007813,0.452881,-0.216003,0.687561,0.524902,up
753766,-8.140625,5.167969,-0.253906,-0.013672,0.033203,-0.03125,0.45282,-0.216064,0.687622,0.524841,up
753771,-8.0625,5.207031,-0.289063,-0.013672,0.033203,-0.03125,0.45282,-0.216125,0.687622,0.524841,up
753776,-8.066406,5.089844,-0.253906,-0.013672,0.033203,-0.03125,0.452759,-0.216248,0.687622,0.52478,up
753781,-8.066406,5.089844,-0.253906,-0.013672,0.033203,-0.03125,0.452698,-0.216492,0.687561,0.524841,up
753786,-8.027344,5.015625,-0.214844,-0.013672,0.033203,-0.03125,0.452698,-0.216492,0.687561,0.524841,up
753791,-7.996094,5.015625,-0.253906,-0.083984,0.017578,-0.060547,0.452698,-0.216492,0.687561,0.524841,up
753797,-7.996094,4.976562,-0.175781,-0.083984,0.017578,-0.060547,0.452637,-0.217041,0.687256,0.525024,up
753802,-7.996094,4.976562,-0.175781,-0.089844,0.001953,-0.072266,0.452698,-0.217285,0.687134,0.525085,up
753807,-8.027344,4.976562,-0.175781,-0.097656,0.0,-0.076172,0.452698,-0.217529,0.686951,0.525208,up
753813,-8.027344,4.976562,-0.175781,-0.097656,0.0,-0.076172,0.452759,-0.217712,0.686768,0.525269,up
753818,-8.0625,4.898437,-0.136719,-0.097656,0.0,-0.076172,0.45282,-0.217957,0.686646,0.52533,up
753824,-8.027344,4.898437,-0.0625,-0.099609,-0.019531,-0.105469,0.45282,-0.217957,0.686646,0.52533,up
753829,-8.0625,4.859375,-0.136719,-0.107422,-0.015625,-0.123047,0.45282,-0.217957,0.686646,0.52533,up
753834,-8.027344,4.898437,-0.097656,-0.107422,-0.015625,-0.123047,0.453186,-0.218811,0.685974,0.525574,up
753841,-8.066406,4.859375,-0.023437,-0.115234,-0.048828,-0.134766,0.453186,-0.218811,0.685974,0.525574,up
753847,-8.023438,4.785156,-0.0625,-0.121094,-0.042969,-0.152344,0.453186,-0.218811,0.685974,0.525574,up
753852,-8.023438,4.785156,-0.0625,-0.121094,-0.042969,-0.152344,0.453735,-0.219727,0.68512,0.525757,up
753857,-8.101563,4.785156,-0.023437,-0.164062,-0.068359,-0.193359,0.453735,-0.219727,0.68512,0.525757,up
753862,-8.066406,4.707031,0.015625,-0.164062,-0.068359,-0.193359,0.454529,-0.221008,0.683899,0.526123,up
753867,-8.066406,4.707031,0.015625,-0.164062,-0.068359,-0.193359,0.454834,-0.221436,0.683533,0.526245,up
753873,-8.101563,4.628906,0.09375,-0.164062,-0.068359,-0.193359,0.4552,-0.221985,0.682983,0.526367,up
753878,-8.0625,4.476562,0.167969,-0.164062,-0.068359,-0.193359,0.455566,-0.222473,0.682434,0.526489,up
753884,-8.101563,4.476562,0.207031,-0.25,-0.125,-0.302734,0.455566,-0.222473,0.682434,0.526489,up
753889,-8.222656,4.402344,0.359375,-0.25,-0.125,-0.302734,0.456482,-0.223755,0.681152,0.526855,up
753894,-8.296875,4.363281,0.359375,-0.273438,-0.166016,-0.363281,0.456482,-0.223755,0.681152,0.526855,up
753900,-8.410156,4.324219,0.359375,-0.28125,-0.197266,-0.398438,0.456482,-0.223755,0.681152,0.526855,up
753905,-8.40625,4.402344,0.398438,-0.28125,-0.197266,-0.398438,0.458496,-0.225952,0.678772,0.527283,up
753910,-8.410156,4.476562,0.476562,-0.310547,-0.292969,-0.515625,0.458496,-0.225952,0.678772,0.527283,up
753916,-8.445313,4.59375,0.476562,-0.371094,-0.439453,-0.626953,0.458496,-0.225952,0.678772,0.527283,up
753921,-8.488281,4.746094,0.589844,-0.371094,-0.439453,-0.626953,0.46167,-0.228455,0.675415,0.527649,up
753926,-8.484375,4.785156,0.703125,-0.371094,-0.439453,-0.626953,0.463196,-0.229431,0.67395,0.527893,up
753932,-8.488281,4.746094,0.628906,-0.492187,-0.59375,-0.736328,0.463196,-0.229431,0.67395,0.527893,up
753937,-8.445313,4.707031,0.628906,-0.585937,-0.628906,-0.792969,0.468323,-0.232788,0.668274,0.529053,up
753942,-8.445313,4.667969,0.511719,-0.585937,-0.628906,-0.792969,0.470398,-0.234314,0.66571,0.529724,up
753947,-8.449219,4.59375,0.550781,-0.951172,-0.804687,-0.931641,0.470398,-0.234314,0.66571,0.529724,up
753952,-8.40625,4.554687,0.628906,-0.951172,-0.804687,-0.931641,0.474365,-0.237427,0.660339,0.531616,up
753957,-8.449219,4.554687,0.628906,-0.951172,-0.804687,-0.931641,0.476257,-0.239014,0.65741,0.532715,up
753962,-8.445313,4.363281,0.628906,-0.951172,-0.804687,-0.931641,0.478638,-0.24115,0.653687,0.534302,up
753967,-8.449219,4.402344,0.703125,-1.412109,-1.015625,-1.033203,0.478638,-0.24115,0.653687,0.534302,up
753972,-8.484375,4.285156,0.78125,-1.412109,-1.015625,-1.033203,0.482788,-0.244995,0.646484,0.537537,up
753977,-8.484375,4.171875,0.972656,-1.412109,-1.015625,-1.033203,0.482788,-0.244995,0.646484,0.537537,up
753982,-8.484375,4.171875,0.972656,-1.412109,-1.015625,-1.033203,0.482788,-0.244995,0.646484,0.537537,up
753987,-8.523438,4.054687,1.011719,-1.429688,-1.146484,-0.966797,0.482788,-0.244995,0.646484,0.537537,up
753992,-8.523438,3.941406,1.011719,-1.384766,-1.169922,-0.923828,0.49176,-0.25177,0.630859,0.544739,up
753997,-8.523438,3.863281,1.164063,-1.384766,-1.169922,-0.923828,0.494446,-0.253174,0.626587,0.546692,up
754002,-8.566406,3.863281,1.203125,-1.058594,-1.291016,-0.826172,0.494446,-0.253174,0.626587,0.546692,up
754007,-8.644531,3.941406,1.203125,-1.058594,-1.291016,-0.826172,0.499207,-0.254761,0.61969,0.549438,up
754012,-8.683594,4.054687,1.203125,-0.748047,-1.324219,-0.826172,0.499207,-0.254761,0.61969,0.549438,up
754017,-8.679688,4.210937,1.394531,-0.748047,-1.324219,-0.826172,0.504761,-0.255554,0.613037,0.551453,up
754022,-8.644531,4.363281,1.472656,-0.748047,-1.324219,-0.826172,0.504761,-0.255554,0.613037,0.551453,up
754027,-8.722656,4.515625,1.546875,-0.544922,-1.339844,-0.869141,0.510315,-0.25592,0.607178,0.552673,up
754032,-8.722656,4.59375,1.507813,-0.53125,-1.265625,-0.935547,0.510315,-0.25592,0.607178,0.552673,up
754037,-8.722656,4.59375,1.507813,-0.53125,-1.265625,-0.935547,0.515869,-0.256592,0.601379,0.553528,up
754042,-8.601563,4.59375,1.472656,-0.707031,-1.222656,-0.96875,0.515869,-0.256592,0.601379,0.553528,up
754047,-8.601563,4.476562,1.546875,-0.707031,-1.222656,-0.96875,0.518921,-0.257263,0.597961,0.554077,up
754052,-8.566406,4.363281,1.507813,-0.707031,-1.222656,-0.96875,0.523804,-0.258972,0.591492,0.555542,up
754057,-8.484375,4.210937,1.585938,-1.164063,-1.103516,-0.953125,0.523804,-0.258972,0.591492,0.555542,up
754062,-8.488281,4.132812,1.546875,-1.324219,-1.052734,-0.925781,0.526367,-0.260376,0.587524,0.556702,up
754068,-8.449219,3.863281,1.738281,-1.324219,-1.052734,-0.925781,0.530151,-0.263489,0.580139,0.559448,up
754073,-8.449219,3.558594,1.96875,-1.324219,-1.052734,-0.925781,0.531738,-0.265198,0.576416,0.560913,up
754078,-8.449219,3.558594,1.96875,-1.453125,-0.90625,-0.785156,0.533264,-0.267029,0.57251,0.562622,up
754083,-8.449219,3.328125,2.160156,-1.453125,-0.90625,-0.785156,0.534729,-0.26886,0.568604,0.564331,up
754089,-8.566406,3.289063,2.3125,-1.453125,-0.90625,-0.785156,0.535889,-0.270325,0.56543,0.565735,up
754095,-8.566406,3.289063,2.3125,-1.105469,-0.814453,-0.605469,0.53717,-0.271667,0.562134,0.567139,up
754100,-8.566406,3.289063,2.3125,-0.902344,-0.779297,-0.556641,0.538391,-0.272644,0.559265,0.568359,up
754105,-8.605469,3.289063,2.351563,-0.902344,-0.779297,-0.556641,0.538391,-0.272644,0.559265,0.568359,up
754110,-8.722656,3.328125,2.542969,-0.666016,-0.765625,-0.515625,0.541138,-0.273682,0.554565,0.569885,up
754116,-8.792969,3.441406,2.582031,-0.226562,-0.767578,-0.474609,0.541138,-0.273682,0.554565,0.569885,up
754122,-8.722656,3.558594,2.582031,-0.058594,-0.759766,-0.476562,0.541138,-0.273682,0.554565,0.569885,up
754127,-8.71875,3.636719,2.621094,0.097656,-0.732422,-0.492187,0.546021,-0.27301,0.549744,0.57019,up
754132,-8.71875,3.671875,2.621094,0.097656,-0.732422,-0.492187,0.5495,-0.272034,0.547363,0.569641,up
754137,-8.789063,3.789063,2.582031,0.097656,-0.732422,-0.492187,0.5495,-0.272034,0.547363,0.569641,up
754143,-8.828125,3.789063,2.621094,0.097656,-0.732422,-0.492187,0.552979,-0.27124,0.544922,0.56897,up
754148,-8.789063,3.789063,2.660156,-0.125,-0.683594,-0.535156,0.554687,-0.271057,0.543457,0.568787,up
754154,-8.871094,3.789063,2.773438,-0.125,-0.683594,-0.535156,0.556213,-0.271057,0.541931,0.568787,up
754160,-8.988281,3.710938,2.773438,-0.125,-0.683594,-0.535156,0.557678,-0.271362,0.5401,0.568909,up
754165,-9.066406,3.636719,2.734375,-0.537109,-0.669922,-0.5625,0.557678,-0.271362,0.5401,0.568909,up
754170,-9.023438,3.558594,2.886719,-0.628906,-0.707031,-0.576172,0.557678,-0.271362,0.5401,0.568909,up
754176,-9.066406,3.40625,3.042969,-0.628906,-0.707031,-0.576172,0.561707,-0.27301,0.53363,0.570251,up
754181,-9.066406,3.289063,3.082031,-0.753906,-0.773437,-0.613281,0.561707,-0.27301,0.53363,0.570251,up
754187,-9.027344,3.289063,3.117188,-0.763672,-0.806641,-0.679687,0.561707,-0.27301,0.53363,0.570251,up
754192,-8.984375,3.328125,3.042969,-0.763672,-0.806641,-0.679687,0.565979,-0.27533,0.525696,0.572266,up
754198,-8.984375,3.25,3.195313,-0.736328,-0.816406,-0.71875,0.569153,-0.276978,0.520325,0.573303,up
754203,-8.910156,3.25,3.234375,-0.693359,-0.822266,-0.78125,0.570984,-0.277832,0.517334,0.57373,up
754208,-8.757813,3.289063,3.15625,-0.693359,-0.822266,-0.78125,0.572815,-0.278687,0.514465,0.574036,up
754213,-8.761719,3.40625,3.195313,-0.693359,-0.822266,-0.78125,0.574341,-0.279297,0.512207,0.574219,up
754218,-8.683594,3.519531,3.15625,-0.617187,-0.839844,-0.824219,0.576416,-0.28009,0.509155,0.574463,up
754223,-8.601563,3.597656,3.195313,-0.617187,-0.839844,-0.824219,0.578003,-0.280762,0.506836,0.574646,up
754228,-8.605469,3.671875,3.117188,-0.617187,-0.839844,-0.824219,0.579834,-0.281799,0.503845,0.57489,up
754233,-8.640625,3.558594,3.195313,-0.617187,-0.839844,-0.824219,0.581299,-0.282776,0.501282,0.575195,up
754238,-8.679688,3.328125,3.386719,-0.962891,-0.751953,-0.849609,0.582947,-0.284119,0.498108,0.575623,up
754244,-8.722656,2.792969,3.425781,-0.962891,-0.751953,-0.849609,0.584412,-0.285645,0.494812,0.576172,up
754249,-8.761719,2.675781,3.464844,-0.962891,-0.751953,-0.849609,0.585754,-0.287231,0.491638,0.576782,up
754255,-8.832031,2.21875,3.691406,-0.962891,-0.751953,-0.849609,0.587097,-0.28894,0.488342,0.577393,up
754260,-8.945313,1.796875,3.808594,-1.337891,-0.728516,-1.015625,0.587097,-0.28894,0.488342,0.577393,up
754265,-9.488281,1.605469,3.808594,-1.384766,-0.699219,-1.072266,0.587097,-0.28894,0.488342,0.577393,up
754271,-9.714844,1.796875,4.039062,-1.351563,-0.726562,-1.146484,0.587097,-0.28894,0.488342,0.577393,up
754276,-9.714844,1.796875,4.039062,-1.269531,-0.824219,-1.25,0.592957,-0.297668,0.473145,0.57959,up
754282,-9.828125,1.757813,4.269531,-1.132813,-0.908203,-1.378906,0.592957,-0.297668,0.473145,0.57959,up
754287,-10.714844,2.484375,4.957031,-0.933594,-1.042969,-1.517578,0.592957,-0.297668,0.473145,0.57959,up
754292,-10.980469,2.640625,5.070312,-0.753906,-1.189453,-1.660156,0.592957,-0.297668,0.473145,0.57959,up
754298,-10.980469,2.792969,5.109375,-0.628906,-1.363281,-1.878906,0.608215,-0.305359,0.451904,0.576721,up
754303,-10.78125,3.367188,5.070312,-0.628906,-1.363281,-1.878906,0.612671,-0.306274,0.447021,0.575317,up
754308,-10.515625,3.75,4.996094,-0.628906,-1.363281,-1.878906,0.617859,-0.307251,0.441162,0.573792,up
754313,-10.289063,3.597656,4.84375,-0.871094,-2.013672,-2.507813,0.617859,-0.307251,0.441162,0.573792,up
754318,-10.136719,3.328125,4.6875,-0.871094,-2.013672,-2.507813,0.627502,-0.30957,0.429016,0.571289,up
754324,-9.632813,2.90625,4.421875,-0.871094,-2.013672,-2.507813,0.632629,-0.311279,0.421448,0.570312,up
754329,-9.566406,2.5625,4.496094,-1.835938,-2.345703,-2.585938,0.632629,-0.311279,0.421448,0.570312,up
754334,-9.289063,2.5625,4.6875,-2.25,-2.400391,-2.583984,0.641785,-0.315735,0.404907,0.569641,up
754341,-9.214844,1.910156,5.109375,-2.25,-2.400391,-2.583984,0.646118,-0.318909,0.395264,0.569824,up
754346,-9.179688,1.71875,5.261719,-2.996094,-2.404297,-2.6875,0.646118,-0.318909,0.395264,0.569824,up
754351,-9.023438,2.101563,5.035156,-3.294922,-2.251953,-2.763672,0.646118,-0.318909,0.395264,0.569824,up
754357,-9.023438,2.101563,5.035156,-3.433594,-2.070313,-2.777344,0.656677,-0.331848,0.364136,0.570984,up
754362,-9.183594,2.984375,4.535156,-3.433594,-2.070313,-2.777344,0.656677,-0.331848,0.364136,0.570984,up
754367,-9.214844,3.214844,4.765625,-3.798828,-1.625,-2.708984,0.656677,-0.331848,0.364136,0.570984,up
754372,-9.671875,3.828125,5.261719,-3.783203,-1.224609,-2.53125,0.656677,-0.331848,0.364136,0.570984,up
754377,-10.367188,3.441406,5.457031,-3.777344,-0.205078,-1.980469,0.656677,-0.331848,0.364136,0.570984,up
754382,-12.390625,2.027344,6.679687,-3.777344,-0.205078,-1.980469,0.664368,-0.363953,0.315613,0.571411,up
754388,-13.8125,1.257813,7.5625,-3.693359,0.234375,-1.587891,0.661865,-0.37915,0.302734,0.571472,up
754393,-15.464844,0.457031,8.441406,-2.90625,0.84375,-0.650391,0.659546,-0.386169,0.298401,0.571716,up
754399,-20.019531,-0.921875,11.8125,-2.90625,0.84375,-0.650391,0.65686,-0.391907,0.296021,0.572083,up
754404,-21.667969,-0.386719,12.847656,-1.326172,1.267578,0.660156,0.653931,-0.396118,0.295654,0.572754,up
754410,-23.078125,-0.273438,13.960938,-0.314453,1.595703,1.480469,0.653931,-0.396118,0.295654,0.572754,up
754415,-25.839844,1.644531,15.339844,0.90625,1.996094,2.492188,0.646545,-0.399292,0.303345,0.574951,up
754421,-27.566406,2.90625,15.683594,2.238281,2.484375,3.740234,0.646545,-0.399292,0.303345,0.574951,up
754427,-29.863281,5.742187,14.496094,3.603516,3.162109,5.087891,0.646545,-0.399292,0.303345,0.574951,up
754432,-30.9375,8.0,12.773438,4.996094,4.048828,6.560547,0.628906,-0.386902,0.343079,0.580627,up
754437,-30.9375,8.0,12.773438,6.251953,5.101562,8.123047,0.628906,-0.386902,0.343079,0.580627,up
754443,-31.929687,10.414063,10.625,6.251953,5.101562,8.123047,0.619629,-0.378357,0.365173,0.582703,up
754448,-34.347656,20.71875,3.5,7.935547,7.046875,11.466797,0.591919,-0.355164,0.422729,0.587158,up
754453,-35.730469,24.089844,0.972656,8.667969,7.875,13.197266,0.573059,-0.340698,0.456116,0.589478,up
754458,-36.917969,27.195312,-1.746094,9.056641,8.5625,14.904297,0.522156,-0.304199,0.530396,0.594604,up
754463,-39.558594,32.863281,-7.070312,9.056641,8.5625,14.904297,0.522156,-0.304199,0.530396,0.594604,up
754468,-41.085937,33.667969,-9.292969,9.056641,8.5625,14.904297,0.453674,-0.259216,0.603821,0.60199,up
754473,-42.273437,31.175781,-10.941406,9.056641,8.5625,14.904297,0.453674,-0.259216,0.603821,0.60199,up
754478,-42.433594,26.886719,-11.859375,5.761719,8.990234,20.273437,0.368286,-0.209045,0.664917,0.615234,up
754483,-37.789062,20.757812,-12.320313,5.761719,8.990234,20.273437,0.32251,-0.183899,0.687378,0.624207,up
754488,-36.03125,18.078125,-11.589844,0.982422,8.443359,22.255859,0.32251,-0.183899,0.687378,0.624207,up
754493,-34.847656,15.777344,-10.941406,0.982422,8.443359,22.255859,0.268982,-0.15509,0.707275,0.635071,up
754498,-33.382812,13.554688,-10.59375,0.302734,8.443359,22.544922,0.167908,-0.101135,0.731934,0.652588,up
754503,-31.625,10.109375,-9.90625,0.302734,8.443359,22.544922,0.123047,-0.076294,0.738892,0.658081,up
754508,-26.535156,-1.996094,-7.378906,0.044922,6.857422,21.583984,0.123047,-0.076294,0.738892,0.658081,up
754513,-24.042969,-7.78125,-6.839844,0.044922,6.857422,21.583984,0.06897,-0.044983,0.744507,0.662537,up
754518,-21.820312,-11.457031,-6.0,0.488281,5.787109,21.210937,0.06897,-0.044983,0.744507,0.662537,up
754523,-21.820312,-11.457031,-6.0,0.488281,5.787109,21.210937,0.061096,-0.043091,-0.751282,-0.655701,up
754528,-18.988281,-8.011719,1.164063,0.488281,5.787109,21.210937,0.061096,-0.043091,-0.751282,-0.655701,up
754533,-18.140625,-9.847656,10.207031,7.371094,2.851563,16.757812,0.061096,-0.043091,-0.751282,-0.655701,up
754538,-14.121094,-15.558594,27.027344,7.371094,2.851563,16.757812,0.134583,-0.101135,-0.760071,-0.627686,up
754543,-16.839844,-18.085937,23.078125,7.371094,2.851563,16.757812,0.206238,-0.137329,-0.775208,-0.581116,up
754548,-21.054687,-17.894531,21.621094,10.154297,5.419922,10.003906,0.206238,-0.137329,-0.775208,-0.581116,up
754553,-24.578125,-17.242187,24.457031,10.154297,5.419922,10.003906,0.236938,-0.145508,-0.782166,-0.557556,up
754558,-26.609375,-14.140625,29.746094,11.054688,4.109375,7.083984,0.279419,-0.148499,-0.799744,-0.510193,up
754563,-25.996094,-11.765625,30.128906,11.054688,4.109375,7.083984,0.279419,-0.148499,-0.799744,-0.510193,up
754568,-24.84375,-10.539063,29.398437,9.910156,1.832031,-0.091797,0.279419,-0.148499,-0.799744,-0.510193,up
754573,-22.585937,-11.421875,28.320312,9.910156,1.832031,-0.091797,0.3078,-0.125854,-0.829712,-0.448364,up
754578,-19.214844,-12.953125,28.59375,9.910156,1.832031,-0.091797,0.307617,-0.118958,-0.834106,-0.4422,up
754583,-16.378906,-15.328125,24.535156,9.910156,1.832031,-0.091797,0.307617,-0.118958,-0.834106,-0.4422,up
754588,-15.957031,-17.089844,22.621094,-3.214844,-0.744141,-2.28125,0.298157,-0.114502,-0.831482,-0.45459,up
754593,-10.632813,-13.679688,17.445312,-4.470703,-2.005859,-2.507813,0.298157,-0.114502,-0.831482,-0.45459,up
754598,-10.632813,-13.679688,17.445312,-4.470703,-2.005859,-2.507813,0.281433,-0.115906,-0.824829,-0.476501,up
754603,-5.769531,-7.933594,12.425781,-4.470703,-2.005859,-2.507813,0.281433,-0.115906,-0.824829,-0.476501,up
754608,-3.738281,-5.828125,10.046875,-7.640625,-2.763672,-1.707031,0.261414,-0.125854,-0.810791,-0.508423,up
754613,-1.707031,-2.457031,5.457031,-7.640625,-2.763672,-1.707031,0.250488,-0.134521,-0.798706,-0.530334,up
754618,-0.289063,-0.3125,2.695313,-13.876953,-3.027344,-0.976562,0.250488,-0.134521,-0.798706,-0.530334,up
754623,0.515625,1.566406,-0.214844,-12.824219,-3.199219,-1.478516,0.237305,-0.145874,-0.781311,-0.558533,up
754628,4.382812,5.589844,-6.308594,-12.824219,-3.199219,-1.478516,0.224731,-0.155518,-0.764832,-0.583374,up
754633,6.414062,8.191406,-7.875,-12.824219,-3.199219,-1.478516,0.199463,-0.167969,-0.740967,-0.618835,up
754638,7.5625,10.761719,-8.488281,-12.824219,-3.199219,-1.478516,0.199463,-0.167969,-0.740967,-0.618835,up
754643,7.792969,13.132813,-8.71875,-2.935547,-2.232422,-2.460938,0.180969,-0.16925,-0.734863,-0.631348,up
754648,8.710938,14.015625,-9.023438,-2.935547,-2.232422,-2.460938,0.180969,-0.16925,-0.734863,-0.631348,up
754653,9.363281,13.820313,-8.988281,-2.935547,-2.232422,-2.460938,0.175171,-0.166077,-0.736633,-0.631714,up
754658,9.898438,14.324219,-9.214844,1.931641,0.111328,-2.472656,0.169067,-0.154541,-0.745056,-0.626404,up
754663,9.707031,14.136719,-10.175781,1.931641,0.111328,-2.472656,0.169067,-0.154541,-0.745056,-0.626404,up
754668,9.210938,13.710938,-10.097656,1.931641,0.111328,-2.472656,0.167908,-0.140442,-0.757629,-0.614868,up
754673,8.980469,13.941406,-9.636719,1.931641,0.111328,-2.472656,0.167908,-0.140442,-0.757629,-0.614868,up
754678,8.980469,14.324219,-8.375,3.949219,-0.058594,-1.84375,0.164917,-0.130554,-0.770386,-0.601929,up
754683,8.828125,13.902344,-5.15625,3.949219,-0.058594,-1.84375,0.164917,-0.130554,-0.770386,-0.601929,up
754688,8.941406,13.902344,-4.542969,3.949219,-0.058594,-1.84375,0.162842,-0.127319,-0.776062,-0.595886,up
754693,8.558594,13.746094,-4.429687,2.886719,-0.345703,-0.888672,0.162842,-0.127319,-0.776062,-0.595886,up
754698,8.058594,13.398438,-4.3125,2.224609,-0.089844,-0.464844,0.160583,-0.121338,-0.788025,-0.581848,up
754703,7.292969,12.75,-4.390625,2.224609,-0.089844,-0.464844,0.160583,-0.121338,-0.788025,-0.581848,up
754708,6.835937,12.292969,-4.082031,2.224609,-0.089844,-0.464844,0.161072,-0.120972,-0.78949,-0.579773,up
754714,6.375,11.792969,-3.777344,-0.457031,-0.019531,0.564453,0.161072,-0.120972,-0.78949,-0.579773,up
754719,5.722656,11.339844,-3.660156,-0.457031,-0.019531,0.564453,0.162781,-0.123779,-0.788391,-0.5802,up
754724,5.417969,11.144531,-3.546875,-0.457031,-0.019531,0.564453,0.163269,-0.125488,-0.787354,-0.581055,up
754729,5.148437,10.957031,-3.316406,-0.449219,-0.222656,0.525391,0.163513,-0.126953,-0.786621,-0.581665,up
754734,4.917969,10.683594,-3.011719,-0.224609,-0.222656,0.417969,0.163513,-0.126953,-0.786621,-0.581665,up
754739,4.535156,9.953125,-2.511719,-0.224609,-0.222656,0.417969,0.163696,-0.129211,-0.786011,-0.58197,up
754745,3.960938,9.152344,-2.28125,-0.224609,-0.222656,0.417969,0.163879,-0.129639,-0.786499,-0.581177,up
754750,3.808594,8.726563,-1.824219,0.476562,-0.103516,0.027344,0.163879,-0.129761,-0.787109,-0.580261,up
754755,3.617188,8.347656,-1.363281,0.419922,-0.125,-0.0625,0.163757,-0.129639,-0.787842,-0.579346,up
754761,3.308594,7.734375,-1.09375,0.419922,-0.125,-0.0625,0.163452,-0.129456,-0.788574,-0.578552,up
754767,3.082031,7.5,-0.980469,0.371094,-0.09375,-0.183594,0.163452,-0.129456,-0.788574,-0.578552,up
754772,2.964844,7.421875,-0.828125,0.273438,-0.115234,-0.1875,0.163452,-0.129456,-0.788574,-0.578552,up
754778,2.851563,7.3125,-0.484375,0.095703,-0.173828,-0.140625,0.163452,-0.129456,-0.788574,-0.578552,up
754783,2.890625,7.355469,-0.40625,-0.126953,-0.208984,-0.066406,0.163452,-0.129456,-0.788574,-0.578552,up
754788,2.851563,7.351562,-0.558594,-0.353516,-0.199219,0.035156,0.160583,-0.129517,-0.789551,-0.578003,up
754793,2.890625,7.425781,-1.09375,-0.353516,-0.199219,0.035156,0.160583,-0.129517,-0.789551,-0.578003,up
754799,3.003906,7.421875,-1.210938,-0.640625,-0.326172,0.333984,0.160583,-0.129517,-0.789551,-0.578003,up
754804,3.195313,7.421875,-1.285156,-0.640625,-0.326172,0.333984,0.159363,-0.133118,-0.786926,-0.581055,up
754809,3.308594,7.65625,-1.59375,-0.640625,-0.326172,0.333984,0.159363,-0.133118,-0.786926,-0.581055,up
754814,3.464844,7.777344,-1.863281,-0.640625,-0.326172,0.333984,0.158936,-0.136108,-0.785706,-0.582153,up
754819,3.5,7.925781,-2.089844,-0.640625,-0.326172,0.333984,0.158936,-0.137756,-0.785522,-0.582031,up
754824,3.578125,8.082031,-2.207031,0.292969,-0.328125,0.480469,0.158997,-0.139099,-0.785706,-0.581421,up
754829,3.617188,8.160156,-2.320313,0.292969,-0.328125,0.480469,0.159119,-0.140198,-0.786194,-0.580444,up
754835,3.808594,8.464844,-2.628906,0.292969,-0.328125,0.480469,0.159302,-0.141174,-0.787048,-0.579041,up
754840,3.960938,8.613281,-2.78125,0.65625,-0.279297,0.279297,0.159363,-0.141968,-0.788025,-0.577454,up
754845,4.230469,8.730469,-2.894531,0.65625,-0.279297,0.279297,0.159363,-0.142639,-0.789062,-0.575928,up
754851,4.460937,8.609375,-2.972656,0.65625,-0.279297,0.279297,0.15918,-0.142944,-0.789856,-0.574768,up
754856,4.460937,8.609375,-2.972656,0.429687,-0.310547,-0.021484,0.158691,-0.14325,-0.790771,-0.573547,up
754862,4.574219,8.582031,-2.933594,0.429687,-0.310547,-0.021484,0.158691,-0.14325,-0.790771,-0.573547,up
754868,4.652344,8.464844,-2.972656,0.429687,-0.310547,-0.021484,0.158691,-0.14325,-0.790771,-0.573547,up
754873,4.6875,8.425781,-2.933594,-0.267578,-0.292969,-0.25,0.158691,-0.14325,-0.790771,-0.573547,up
754879,4.6875,8.5,-2.933594,-0.523437,-0.267578,-0.304688,0.15387,-0.143433,-0.79071,-0.57489,up
754884,4.6875,8.582031,-2.972656,-0.523437,-0.267578,-0.304688,0.152588,-0.143372,-0.789856,-0.576477,up
754889,4.613281,8.539063,-2.859375,-0.927734,-0.224609,-0.345703,0.152588,-0.143372,-0.789856,-0.576477,up
754894,4.574219,8.503906,-2.78125,-0.927734,-0.224609,-0.345703,0.150024,-0.14325,-0.787659,-0.580078,up
754899,4.421875,8.347656,-2.664063,-0.927734,-0.224609,-0.345703,0.148743,-0.14325,-0.786499,-0.582031,up
754904,4.34375,8.382813,-2.550781,-0.927734,-0.224609,-0.345703,0.147766,-0.14325,-0.785645,-0.583496,up
754909,4.230469,8.425781,-2.472656,-0.927734,-0.224609,-0.345703,0.147766,-0.14325,-0.785645,-0.583496,up
754914,4.113281,8.503906,-2.4375,-0.291016,-0.173828,-0.134766,0.147766,-0.14325,-0.785645,-0.583496,up
754919,4.039062,8.765625,-2.4375,-0.291016,-0.173828,-0.134766,0.145386,-0.143433,-0.784241,-0.585876,up
754924,3.921875,8.925781,-2.472656,0.146484,-0.144531,-0.025391,0.145386,-0.143433,-0.784241,-0.585876,up
754929,3.886719,9.03125,-2.550781,0.146484,-0.144531,-0.025391,0.144958,-0.143494,-0.784424,-0.585754,up
754934,3.808594,9.148438,-2.589844,0.412109,-0.130859,0.087891,0.144958,-0.143494,-0.784424,-0.585754,up
754939,3.847656,9.347656,-2.664063,0.412109,-0.130859,0.087891,0.144714,-0.143921,-0.786011,-0.583557,up
754944,3.808594,9.34375,-2.664063,0.511719,-0.103516,0.175781,0.144714,-0.143921,-0.786011,-0.583557,up
754949,3.808594,9.308594,-2.703125,0.511719,-0.103516,0.175781,0.145142,-0.144531,-0.787476,-0.581299,up
754954,3.847656,9.230469,-2.703125,0.423828,-0.095703,0.251953,0.145142,-0.144531,-0.787476,-0.581299,up
754959,3.886719,9.109375,-2.664063,0.423828,-0.095703,0.251953,0.145691,-0.145386,-0.788574,-0.579529,up
754964,3.886719,8.960938,-2.589844,0.175781,-0.089844,0.255859,0.145691,-0.145386,-0.788574,-0.579529,up
754969,3.886719,8.882813,-2.472656,0.054687,-0.099609,0.265625,0.145935,-0.145996,-0.788879,-0.578857,up
